LM=28
-2.14180555954562E-001 1.25789602765725E-004
-2.08007672389484E-001 2.12853069271899E-003
-1.69604046132787E-001 8.45262522168189E-003
-1.54750996707868E-001 2.15597225450176E-002
-1.39294894576185E-001 1.12304635936101E-002
-1.56005260566380E-001 -1.01614175631979E-003
-1.57535760328457E-001 1.05871885866065E-002
-1.01316537232089E-002 3.40451430188052E-002
-4.80549520003399E-003 3.53704438506526E-002
2.74190849821306E-001 2.88709642519530E-003
3.03158099112561E-001 2.77369521749832E-003
3.35700790046961E-001 6.11790603668426E-003
3.35642072075286E-001 -1.50807830563560E-002
3.15665075929877E-001 -1.18655605015611E-002
2.94934514458616E-001 -1.23978248034666E-002
5.27797683796376E-002 -2.09826896022809E-002
-6.93981435098481E-002 -2.22978978583650E-002
-8.63585319524399E-002 -2.24129392246703E-002
-1.78053608281173E-001 -1.46769896162170E-002
-2.17887413274741E-001 -9.12620938147745E-003
-5.65992071200472E-002 1.74277856942091E-002
-5.22717188017146E-002 1.33281934807490E-002
-5.18913357101132E-002 -1.77442605039353E-002
-5.10887680653717E-002 -1.76164303383134E-002
-1.36135579716604E-001 2.46566099201138E-002
1.52198688748748E-001 1.24119982812908E-002
1.89020193543802E-001 -1.81618178571428E-002
-1.39289410105775E-001 -1.97236476674936E-002
ID=Consensus (Data=C:\USERS\ZAPAT\DOCUMENTS\DORNBURG_RESEARCH\EASY ACCESS\CONSENSUS_FILES\ARTEDIDRACONIDAE\BATHYDRACO_MARRI)
