LM=28
-2.28885788074475E-001 6.85585615306883E-003
-2.17310493443370E-001 8.51642153250702E-003
-1.77453757166439E-001 1.27698153794835E-002
-1.59780570439666E-001 2.58102732754947E-002
-1.41287668024444E-001 1.02213891198287E-002
-1.63054250010754E-001 -4.16413997983805E-003
-1.63417216159179E-001 1.01752955034788E-002
2.65554831794121E-003 3.61027029775064E-002
8.77293389177819E-003 3.76140095446676E-002
2.79681041504955E-001 5.40606607509017E-003
3.00289806018630E-001 5.45247354240513E-003
3.22027636473666E-001 7.88237899261224E-003
3.22240425038751E-001 -1.59960753581417E-002
3.09309516845974E-001 -1.23039037332536E-002
2.93568374983426E-001 -1.21132436046761E-002
6.28813497494801E-002 -2.89509066333735E-002
-6.25081939332304E-002 -2.62113630562856E-002
-7.83228302899730E-002 -2.85023839355319E-002
-1.82542556951203E-001 -1.49691256838103E-002
-2.34221789112010E-001 -5.17676483589707E-003
-4.12794002433415E-002 1.56932570458439E-002
-3.53974621264802E-002 1.07346593985869E-002
-4.35002878616807E-002 -2.26996226535275E-002
-3.40483043416645E-002 -2.05214414412536E-002
-1.32755443541766E-001 2.78992453648199E-002
1.60529900347614E-001 1.54760479342871E-002
1.74384514144448E-001 -2.38131564773586E-002
-1.40575035596987E-001 -2.11877644467334E-002
ID=Consensus (Data=C:\USERS\ZAPAT\DOCUMENTS\DORNBURG_RESEARCH\EASY ACCESS\CONSENSUS_FILES\ARTEDIDRACONIDAE\BATHYDRACO_ANTARCTICUS)
