LM=28
-2.47682895193495E-001 6.02150545200154E-003
-2.35325501827123E-001 5.95000621767627E-003
-1.57139142575500E-001 2.03848940162678E-002
-1.42926274870543E-001 3.32293497473131E-002
-1.29198806276209E-001 2.23529933624873E-002
-1.42819068701250E-001 9.34589371839996E-003
-1.43792072470955E-001 2.17770875523302E-002
-3.63934192539775E-002 3.82572277232438E-002
-3.19104558379251E-002 4.15427379961399E-002
2.79853650309256E-001 4.96606994009815E-003
2.99311538187302E-001 4.35513875804560E-003
3.18404933616565E-001 1.00558818738701E-002
3.14519362650958E-001 -1.88923712504952E-002
3.03965863910703E-001 -1.56639619753993E-002
2.94097692117046E-001 -1.52299606263875E-002
9.95754104715763E-002 -2.85310602765393E-002
-5.67761754235624E-002 -3.60676929530502E-002
-7.47587623689112E-002 -3.69204015388071E-002
-1.84665885888620E-001 -1.75020664551183E-002
-2.51939719480755E-001 -1.38013740361920E-002
-4.43640950599982E-002 1.00152723926444E-002
-3.96596277942794E-002 7.66856675896730E-003
-3.84305607008717E-002 -2.91980155314888E-002
-3.12402244209817E-002 -2.60365991598725E-002
-1.25445379921664E-001 3.27563751708746E-002
1.34438467320528E-001 1.42900209088411E-002
2.04838298756174E-001 -2.18623512450330E-002
-1.34537149273489E-001 -2.32631665408179E-002
ID=Consensus (Data=C:\USERS\ZAPAT\DOCUMENTS\DORNBURG_RESEARCH\EASY ACCESS\CONSENSUS_FILES\ARTEDIDRACONIDAE\CYGNODRACO_MAWSONI)
