LM=28
-2.17907823183486E-001 6.24313014709392E-003
-2.10521787540611E-001 1.30840267412105E-002
-1.75448132887201E-001 2.04001254991030E-002
-1.59332954205868E-001 3.37933149840808E-002
-1.45707657311498E-001 2.16139692449650E-002
-1.61909593203283E-001 8.48307993667354E-003
-1.60968236753090E-001 2.14888375074145E-002
-4.83550720590976E-002 5.39380313979829E-002
-3.69908827260875E-002 5.40517630292193E-002
2.77040957814102E-001 1.82448409961135E-002
2.98059076791181E-001 1.51196802906154E-002
3.25591116040275E-001 2.47430616872314E-002
3.32373174351559E-001 -3.42633561784401E-002
3.04710892225487E-001 -2.42436035620215E-002
2.86085202281548E-001 -2.33501172293412E-002
8.03298655745184E-002 -4.50546655324930E-002
-5.13854190541433E-002 -4.28034270081821E-002
-7.33601010415808E-002 -4.55413485293160E-002
-1.74331706917903E-001 -2.29042545739547E-002
-2.24420271138964E-001 -1.53748909732186E-002
-4.10678469387392E-002 8.81740020313236E-003
-3.02898784443290E-002 1.32414055356141E-002
-9.70518776534559E-003 -3.61475884474090E-002
-2.08775236637389E-002 -3.54505879764258E-002
-1.28478884023104E-001 4.39701775056518E-002
1.26666392593340E-001 4.37781769226824E-002
1.90579600199477E-001 -3.43388408429452E-002
-1.50377319013417E-001 -4.15383407750372E-002
ID=Consensus (Data=C:\USERS\ZAPAT\DOCUMENTS\DORNBURG_RESEARCH\EASY ACCESS\CONSENSUS_FILES\ARTEDIDRACONIDAE\NOTOTHENIID_DISSOSTICHUS MAWSONI)
