LM=28
-2.04851368519683E-001 1.69817749422995E-002
-1.99436281545408E-001 2.31206493376707E-002
-1.70304710406554E-001 1.90103584381016E-002
-1.52043291200718E-001 3.50655195353027E-002
-1.35430925828084E-001 1.86698028969948E-002
-1.53552356765631E-001 1.97823898726067E-003
-1.53062861335830E-001 1.82038245629778E-002
-6.05396266293297E-002 4.25729276705658E-002
-5.09646961515571E-002 4.31084005421254E-002
2.86076935471630E-001 2.76992091583984E-002
3.07301355164108E-001 2.69707043470524E-002
3.32948793850663E-001 3.20431477167710E-002
3.37312175424949E-001 -1.59562249873364E-002
3.14520769514808E-001 -1.20576447906651E-002
2.95906449340956E-001 -1.32430173201753E-002
5.21500945406929E-002 -5.45047105937095E-002
-6.32970238148035E-002 -5.32869769827462E-002
-7.95126417059884E-002 -5.42969170451934E-002
-1.71254641812852E-001 -1.76168786523273E-002
-2.11323276600209E-001 8.46758607379899E-004
-5.22430587686532E-002 -3.63588678775791E-003
-4.03887837317084E-002 -6.63826571203686E-004
-2.09397994023682E-002 -4.23795215235140E-002
-3.30975375120078E-002 -4.41727826246563E-002
-1.24362794874861E-001 4.07510743575783E-002
1.19212010038872E-001 3.80212798916384E-002
1.82242816974932E-001 -3.39323869414812E-002
-1.51065723715365E-001 -3.92968961713512E-002
ID=Consensus (Data=C:\USERS\ZAPAT\DOCUMENTS\DORNBURG_RESEARCH\EASY ACCESS\CONSENSUS_FILES\ARTEDIDRACONIDAE\NOTOTHENIIDS_AETHOTAXIS MITOPTERYX)
