LM=28
-2.04646692035668E-001 3.75526366401728E-003
-1.97946636512982E-001 1.59771078559387E-002
-1.67473545675804E-001 3.48953259850471E-002
-1.47781330373192E-001 4.89791115264126E-002
-1.30098963047651E-001 3.60297283374464E-002
-1.51788242153671E-001 2.25168814038988E-002
-1.49987208463330E-001 3.45686507130772E-002
-5.24314481908883E-002 4.46233775712677E-002
-4.20504199271056E-002 4.55096229530429E-002
2.89751313747541E-001 8.46768495575218E-003
3.11858321545145E-001 9.25223175900463E-003
3.29005975596761E-001 1.15798433515850E-002
3.29721748610496E-001 -2.65852491795223E-002
3.17302533920952E-001 -2.49792242614829E-002
3.02256911116320E-001 -2.51823155557279E-002
4.05854821569392E-002 -4.72584293165165E-002
-5.87684561422199E-002 -4.83439769919908E-002
-8.10574631899762E-002 -5.13873008908409E-002
-1.85565969957722E-001 -1.10634575067549E-002
-2.02586636630460E-001 -1.34661332813033E-002
-5.13012385338737E-002 2.78839708334354E-003
-3.92861322603458E-002 5.83428808678078E-004
-3.95995715280518E-002 -3.85812962075288E-002
-4.90037336798232E-002 -3.84304594725612E-002
-1.32160531667364E-001 5.27086166443768E-002
1.23304027087454E-001 2.59380831665010E-002
1.83125990533118E-001 -3.53178914050418E-002
-1.43378084344599E-001 -3.75776217101185E-002
ID=Consensus (Data=C:\USERS\ZAPAT\DOCUMENTS\DORNBURG_RESEARCH\EASY ACCESS\CONSENSUS_FILES\ARTEDIDRACONIDAE\NOTOTHENIID_GOBINOTOTHEN GIBBERIFRONS)
