LM=28
-2.28072228502147E-001 5.14560245616685E-003
-2.20486291621524E-001 1.45229940822824E-002
-1.85521580433424E-001 1.25565633001176E-002
-1.67558583221641E-001 3.03629041813092E-002
-1.50021273890649E-001 1.38082792010846E-002
-1.66684420279193E-001 -9.38555518966575E-004
-1.67381901955725E-001 1.32182191551187E-002
-4.80498928070357E-002 7.09625738514872E-002
-4.34445877147268E-002 7.11047264588573E-002
2.75414740611177E-001 2.07660813786047E-002
2.87820159489953E-001 2.32711528279425E-002
2.94111183743428E-001 2.68761269885159E-002
3.00171554436885E-001 -1.28511080812009E-002
2.93864812827307E-001 -1.11764527113405E-002
2.81072162448212E-001 -1.23520749099526E-002
1.14068574977245E-001 -2.69241381280150E-002
-2.95524334458342E-002 -5.71604848566767E-002
-6.09773571407242E-002 -6.84048518464379E-002
-1.84349729430277E-001 -4.94583655457585E-002
-2.45464883501662E-001 -2.64242797979431E-002
-1.20531183272072E-002 1.99696344660893E-002
-4.27244144456202E-003 1.77682909151395E-002
1.52510005915041E-003 -4.34105659454481E-002
5.46253640033572E-003 -4.24280350734910E-002
-1.35185875151972E-001 4.57914710191852E-002
1.33843319255397E-001 4.68693059262220E-002
2.11020236621760E-001 -1.91591181646075E-002
-1.49297782002547E-001 -6.23058956282845E-002
ID=Consensus (Data=C:\USERS\ZAPAT\DOCUMENTS\DORNBURG_RESEARCH\EASY ACCESS\CONSENSUS_FILES\ARTEDIDRACONIDAE\POGONOPHRYNE_SCOTTI)
