LM=28
-2.21466089884569E-001 1.93219548366199E-004
-2.15738055501986E-001 1.01542058059181E-002
-1.87589600175360E-001 1.98569231250820E-002
-1.68123825594258E-001 3.68008974680389E-002
-1.49491864979061E-001 2.01461152173584E-002
-1.69667056323444E-001 3.63141806652851E-003
-1.69075296281554E-001 1.95378942495029E-002
-4.93317124766782E-002 5.86821134197251E-002
-4.51483011125075E-002 5.94419017326700E-002
2.76606603958321E-001 1.51315501030543E-002
2.99049175577067E-001 1.95813946495077E-002
3.06572439483467E-001 2.20740094736509E-002
3.10139540912000E-001 -1.64225930552309E-002
3.02783644649668E-001 -1.57291358173607E-002
2.79513884841930E-001 -1.72668974593166E-002
1.07446168499503E-001 -3.65118854820302E-002
-3.37752385119507E-002 -5.52814667493634E-002
-6.60932821791277E-002 -5.71868403757701E-002
-1.79562007595206E-001 -3.09834868584539E-002
-2.24772793024042E-001 -1.39181018132660E-002
-2.25109647013075E-002 1.94322139707476E-002
-1.53687745506991E-002 1.66264303313368E-002
-1.59310214292217E-002 -4.19541861365963E-002
-9.37967730614333E-003 -4.13807599993130E-002
-1.34154665768142E-001 4.24681310722628E-002
1.32550429835532E-001 3.39157172220567E-002
2.07709336458008E-001 -2.59080209770459E-002
-1.45190996820239E-001 -4.51307607320596E-002
ID=Consensus (Data=C:\USERS\ZAPAT\DOCUMENTS\DORNBURG_RESEARCH\EASY ACCESS\CONSENSUS_FILES\ARTEDIDRACONIDAE\POGONOPHRYNE_BARSUKOVI)
