LM=28
-2.14958168886827E-001 -5.19273804282211E-003
-2.06696546518739E-001 -2.89787949976891E-003
-1.71570568961788E-001 6.62901056842894E-003
-1.51828644076315E-001 2.41014599234616E-002
-1.29781346230558E-001 1.21083148214786E-002
-1.51304390834712E-001 -8.08469884151441E-003
-1.53475611686103E-001 1.01259719551815E-002
-1.61172746003784E-002 3.96766168185631E-002
-9.31757685945085E-003 4.14786237103874E-002
2.84735028885065E-001 8.95598429486787E-003
3.06178692413751E-001 8.34874120830252E-003
3.25834344709713E-001 1.08535891230648E-002
3.26022440229348E-001 -1.19369735586201E-002
3.14001480431763E-001 -9.44250709879510E-003
3.01479931680980E-001 -1.06626999877091E-002
4.36427116454186E-002 -1.98179667908194E-002
-7.02662134909136E-002 -2.57060761509169E-002
-8.68088018266546E-002 -2.73401693953737E-002
-1.78546686082083E-001 -2.09012279902810E-002
-2.18903665631748E-001 -1.53222676089752E-002
-5.97787107069752E-002 1.61978518370656E-002
-5.40227055579618E-002 1.29936033039564E-002
-5.94392755241885E-002 -2.05266957989814E-002
-5.36955963396363E-002 -1.83601850785163E-002
-1.34280079087329E-001 2.75484893316833E-002
1.61675176801486E-001 1.99639234200142E-002
1.93865624265802E-001 -1.63165999008864E-002
-1.36643568160963E-001 -2.64734945724759E-002
ID=Consensus (Data=C:\USERS\ZAPAT\DOCUMENTS\DORNBURG_RESEARCH\EASY ACCESS\CONSENSUS_FILES\ARTEDIDRACONIDAE\PRIONODRACO_EVANSII)
