LM=28
-2.07492430007382E-001 -1.79084755671159E-002
-2.03195895716662E-001 -2.09488600414613E-003
-1.74263796953433E-001 2.39982725222310E-002
-1.54822811526969E-001 4.37825565517551E-002
-1.42062785016093E-001 2.38312246793240E-002
-1.57723469843996E-001 9.67960056488037E-003
-1.56467315158818E-001 2.50183793371941E-002
-5.86684306218514E-002 7.30148612059904E-002
-5.27874263378393E-002 7.53014726422732E-002
2.94845484394718E-001 1.17514672946426E-002
3.06074521437408E-001 1.36528267250877E-002
3.13455186093125E-001 1.68433378638823E-002
3.18197261521600E-001 -2.44414942516274E-002
3.09222347514432E-001 -2.44404923798742E-002
2.96018625994223E-001 -2.63493524564915E-002
6.01753810781806E-002 -4.17942992546094E-002
-5.68315024965808E-002 -4.77134414367138E-002
-8.83905922409902E-002 -5.14735608561736E-002
-1.68234835035602E-001 -3.89979095895889E-002
-2.02832742632094E-001 -3.92761962202469E-002
-3.14773216056183E-002 2.75782136415582E-002
-2.39522160511025E-002 2.45756061331398E-002
-2.99528881826167E-002 -3.26869332927947E-002
-1.79967859394029E-002 -2.81464675745548E-002
-1.47091346034743E-001 5.94249812976168E-002
1.35015277005858E-001 3.73712018616207E-002
1.86410144303251E-001 -4.23774191938438E-002
-1.45169637941001E-001 -4.81230742434151E-002
ID=Consensus (Data=C:\USERS\ZAPAT\DOCUMENTS\DORNBURG_RESEARCH\EASY ACCESS\FILES\ARTEDIDRACONIDAE\HARPAGIFERIDAE\HARPAGIFER_ANTARCTICUS)
