LM=28
-2.07007676136735E-001 1.19586789025561E-002
-1.99754814808491E-001 2.21366838610172E-002
-1.79436577178349E-001 2.86765006720506E-002
-1.54081559232652E-001 4.43198748342609E-002
-1.40307950196361E-001 3.07540701260240E-002
-1.57630736980967E-001 1.99718642542166E-002
-1.57391343182487E-001 3.01664629899887E-002
-3.62370208258054E-002 5.66439096976346E-002
-2.96734578982050E-002 5.72747020717121E-002
2.88887030296956E-001 1.14118598797134E-002
2.98772875912308E-001 1.09648712736120E-002
3.04689052688519E-001 1.16222551084206E-002
3.09528028023473E-001 -3.52635487911464E-002
3.03185390959810E-001 -3.43306676071735E-002
2.90019756880147E-001 -3.84362097460318E-002
1.00934810335063E-001 -4.97546915888876E-002
-6.34141029150885E-002 -6.37354580904770E-002
-9.66024884434485E-002 -4.87776099496601E-002
-1.90615085689995E-001 -1.24731561759985E-002
-2.09297352814558E-001 1.96156171600816E-003
-4.18546050983376E-002 8.77278660013795E-003
-3.39090437799206E-002 6.36989354198819E-003
-4.58504463573445E-002 -4.35608921908330E-002
-3.91401094763068E-002 -4.17916842092682E-002
-1.16930680497964E-001 5.13162413637245E-002
1.47269479003736E-001 4.57579105820958E-002
2.12052833025128E-001 -4.78814525575083E-002
-1.56204205612126E-001 -3.40747565681771E-002
ID=Consensus (Data=C:\USERS\ZAPAT\DOCUMENTS\DORNBURG_RESEARCH\EASY ACCESS\CONSENSUS_FILES\ARTEDIDRACONIDAE\ARTEDIDRACO_MIRUS)
