LM=28
-2.19611114325858E-001 -6.21094372107861E-004
-2.12409244795440E-001 5.64000824259775E-004
-1.66133571148387E-001 6.17499815059386E-003
-1.54246134017989E-001 1.63967645978541E-002
-1.40437605295384E-001 6.61492852689853E-003
-1.53657201609560E-001 -4.57129673192891E-003
-1.54760143046903E-001 6.32930540075685E-003
-2.41988477373913E-002 2.92584930241694E-002
-1.91803318696045E-002 3.06207381133883E-002
2.65229946626388E-001 8.63095195885063E-003
3.02493445130201E-001 8.81603252103443E-003
3.40867711102284E-001 1.42118481375361E-002
3.41868421731875E-001 -1.31072102632730E-002
3.20956934775350E-001 -7.55110692979824E-003
2.91730511682718E-001 -7.91678609096099E-003
5.25781967291880E-002 -1.68224284656552E-002
-6.17410216321368E-002 -2.33934479434577E-002
-7.87083682284533E-002 -2.46236456570268E-002
-1.81189653132417E-001 -1.55582125673829E-002
-2.27078646245323E-001 -8.53717117480899E-003
-4.86795798066672E-002 1.47598546045167E-002
-4.28738799206245E-002 1.27175520426221E-002
-4.39201228096830E-002 -1.76406723111300E-002
-4.26130960917505E-002 -1.70114609047878E-002
-1.35286089602239E-001 2.14457122215786E-002
1.45813108811964E-001 1.52321314350186E-002
1.82850303894799E-001 -1.20189009985317E-002
-1.37663929168956E-001 -2.23998771482281E-002
ID=Consensus (Data=C:\USERS\ZAPAT\DOCUMENTS\DORNBURG_RESEARCH\EASY ACCESS\CONSENSUS_FILES\ARTEDIDRACONIDAE\BATHYDRACO_SCOTIAE)
