LM=28
-2.25379755437509E-001 1.38238521785138E-002
-2.17513828217951E-001 1.58892057245111E-002
-1.61036575679496E-001 1.11545659253109E-002
-1.45428082330975E-001 2.36291496646296E-002
-1.31442675459477E-001 9.80112941329439E-003
-1.48065392986516E-001 -3.36286863796378E-003
-1.47775812170757E-001 1.02027146200400E-002
-2.51700517046202E-002 2.49512843973118E-002
-1.99992049469306E-002 2.63858564014218E-002
2.80506430877132E-001 1.46309057178854E-002
3.04243875894278E-001 1.24168574465694E-002
3.26503034315192E-001 1.70464162894233E-002
3.25322312517604E-001 -1.55471005912579E-002
3.12674279230181E-001 -1.34176128243457E-002
2.97720046326775E-001 -1.38316325048612E-002
6.45210274883551E-002 -3.00255039652572E-002
-6.56289671090797E-002 -3.10032319892497E-002
-7.72139295039897E-002 -3.06336837708571E-002
-1.92221590675737E-001 -3.97606954543800E-003
-2.29685736647426E-001 2.02169550796581E-003
-5.81517120614813E-002 8.57060302113926E-003
-5.35503067026623E-002 7.17571324512659E-003
-4.67274977000569E-002 -3.07417721291473E-002
-4.04847687336368E-002 -2.91416176412998E-002
-1.29676826950867E-001 2.29136565062093E-002
1.51010125797060E-001 2.47218844591091E-002
1.94659735030977E-001 -2.30944258679794E-002
-1.42008152458383E-001 -2.05599710508045E-002
ID=Consensus (Data=C:\USERS\ZAPAT\DOCUMENTS\DORNBURG_RESEARCH\EASY ACCESS\CONSENSUS_FILES\ARTEDIDRACONIDAE\GERLACHEA_AUSTRALIS)
