LM=28
-2.03794147009428E-001 1.83123676697086E-002
-1.96365109438734E-001 2.42933051030087E-002
-1.63485902288639E-001 1.54319349265579E-002
-1.42641128869822E-001 3.37660790827849E-002
-1.24326311226549E-001 1.40698114606886E-002
-1.45515881075041E-001 -5.04490245705361E-003
-1.44766023826759E-001 1.46193964035207E-002
-4.55209359944233E-002 4.58643357560867E-002
-3.18428458914276E-002 4.69706838866192E-002
3.02544389040864E-001 1.32382370690450E-002
3.18481430751498E-001 9.58509431791613E-003
3.33233030048858E-001 1.40931496935690E-002
3.27317112118358E-001 -2.43584325089496E-002
3.17195058903805E-001 -1.86841176162037E-002
3.02620056760159E-001 -2.05368687845924E-002
2.39277853756278E-002 -4.69864635986343E-002
-7.59728406553094E-002 -4.45285866946952E-002
-8.95802326901789E-002 -4.40461216265316E-002
-1.71464772986376E-001 -1.38679695042008E-002
-2.11481038152243E-001 9.15967785355895E-003
-6.29240865180650E-002 -2.19378115118560E-003
-5.49037794316123E-002 -3.31970949941604E-003
-4.83100461080748E-002 -2.32148052881245E-002
-5.37954246348632E-002 -2.63798155167222E-002
-1.16673588459993E-001 4.22481642214168E-002
1.36609086885171E-001 3.67850709446247E-002
1.74742767825054E-001 -3.47597026489141E-002
-1.53306622451856E-001 -3.05160314938823E-002
ID=Consensus (Data=C:\USERS\ZAPAT\DOCUMENTS\DORNBURG_RESEARCH\EASY ACCESS\CONSENSUS_FILES\ARTEDIDRACONIDAE\NOTOTHENIIDS_PLEURAGRAMMA ANTARCTICUM)
