LM=28
-2.02569690177822E-001 1.56972210275021E-002
-1.97664035062989E-001 2.05749299026681E-002
-1.70392533430760E-001 2.31639457445499E-002
-1.49042581880966E-001 4.11968234377149E-002
-1.28025376979243E-001 2.35432716932269E-002
-1.51518378879350E-001 2.89992381536448E-003
-1.51398653159501E-001 2.30654382397978E-002
-5.19358712967166E-002 5.90690849743834E-002
-4.05143956665594E-002 6.00101139209004E-002
2.72332657016154E-001 1.39826669618698E-002
3.09087310490660E-001 1.39172249274759E-002
3.35904711803885E-001 1.97714688644820E-002
3.35388589158345E-001 -2.59445285207249E-002
3.20841059374409E-001 -2.37989015960072E-002
3.08896834665788E-001 -2.42042383014980E-002
3.42775571549907E-002 -5.38848725662769E-002
-5.08495594300758E-002 -5.09381955048981E-002
-7.86806039235236E-002 -4.98253954552436E-002
-1.81213727464776E-001 -1.45998641742765E-002
-2.08185036936589E-001 -1.16963053804390E-002
-5.87889112611189E-002 6.40113769157446E-003
-4.82013145331589E-002 8.73597295344576E-003
-4.40518616034436E-002 -3.98530673253591E-002
-3.70199219197983E-002 -4.20143057079431E-002
-1.18523391284320E-001 4.73960708837285E-002
1.19628673495781E-001 3.50355126531751E-002
1.78236683950562E-001 -3.69969261512535E-002
-1.46018232219862E-001 -4.07042070079398E-002
ID=Consensus (Data=C:\USERS\ZAPAT\DOCUMENTS\DORNBURG_RESEARCH\EASY ACCESS\CONSENSUS_FILES\ARTEDIDRACONIDAE\NOTOTHENIIDS_TREMATOMUS LEPIDORHINUS)
