LM=28
-2.19028975897764E-001 5.61632541975013E-003
-2.12395645456572E-001 1.23871286656323E-002
-1.73985362055930E-001 2.72028595048508E-002
-1.54985964223431E-001 4.25759944419525E-002
-1.36973497947884E-001 2.97919488318506E-002
-1.56435664270895E-001 1.31080689833235E-002
-1.55022565018646E-001 2.78336889696576E-002
-4.91114038056334E-002 6.09102472021928E-002
-3.87813759966447E-002 6.13964938501715E-002
2.71320798775734E-001 2.46013162138918E-003
3.03693743972294E-001 -1.85900265027189E-003
3.38357364613385E-001 3.62236160724014E-003
3.41195270637184E-001 -4.58027142703620E-002
3.08297621257059E-001 -3.96779726338710E-002
2.74455545415679E-001 -4.16552516566401E-002
6.26317904714817E-002 -4.78507051891079E-002
-4.94069920463755E-002 -3.85108627543137E-002
-6.96434831488714E-002 -3.84074020658808E-002
-1.80803753528122E-001 -1.57579118421497E-002
-2.27267111431068E-001 -1.20056577781473E-002
-3.93171855606791E-002 1.74777514198452E-002
-2.67523618837726E-002 2.24618066077283E-002
-9.46651394015000E-003 -2.17550237946385E-002
-1.78997783366750E-002 -2.34268412590902E-002
-1.29178324844263E-001 5.01412399377198E-002
1.20018936607970E-001 3.18933764041691E-002
1.75623596410560E-001 -4.64881498647836E-002
-1.49138708767970E-001 -3.56819277082168E-002
ID=Consensus (Data=C:\USERS\ZAPAT\DOCUMENTS\DORNBURG_RESEARCH\EASY ACCESS\CONSENSUS_FILES\ARTEDIDRACONIDAE\NOTOTHENIIDS_DISSOSTICHUS ELEGINOIDES)
