LM=28
-2.52126734046879E-001 5.15060738976720E-003
-2.43431631256758E-001 5.77222803645368E-003
-1.66043026150559E-001 9.41472380358394E-003
-1.50571555398627E-001 2.22330343394327E-002
-1.33721701832942E-001 1.04872359296601E-002
-1.51098983488824E-001 -2.01170965555229E-003
-1.50651076894825E-001 1.20233549584684E-002
3.25934152597328E-003 2.80894944899925E-002
8.64488928268307E-003 2.90011702890557E-002
2.78943749679659E-001 1.25081191508631E-002
2.95707318910398E-001 1.19658490773451E-002
3.11908456861092E-001 1.54519309771810E-002
3.11987658036115E-001 -9.57589967898454E-003
2.95838575257299E-001 -6.69669990853580E-003
2.77613662098739E-001 -5.81106895449664E-003
9.69700020887792E-002 -1.57461015577640E-002
-5.97268520637793E-002 -3.06627136545144E-002
-8.19357169481580E-002 -3.36051697628479E-002
-1.82958620537182E-001 -1.58702246049736E-002
-2.54792973391779E-001 -4.99067242403958E-003
-4.13942881598670E-002 5.38223046428614E-003
-3.66621696322204E-002 2.43072133701122E-003
-3.61307289450940E-002 -2.82162192328850E-002
-2.94035651691575E-002 -2.51424356541069E-002
-1.36615421099976E-001 2.49913345458948E-002
1.65339460785922E-001 2.06292682169987E-002
2.01799469950946E-001 -1.17540951418155E-002
-1.40747539460976E-001 -2.54482927754781E-002
ID=Consensus (Data=C:\USERS\ZAPAT\DOCUMENTS\DORNBURG_RESEARCH\EASY ACCESS\FILES\ARTEDIDRACONIDAE\BATHYDRACONIDS\PARACHAENICHTHYS_CHARCOTI\PARACHAENICHTHYS_CHARCOTI)
